# Accuracy results with different number of clusters.
100 25.46 80.09 25.00 79.63 26.85 81.02 26.85 81.94
200 30.09 79.63 29.63 79.63 25.93 82.41 26.85 82.41
300 25.93 80.09 26.39 79.63 26.39 84.26 25.46 80.56
400 30.09 79.63 30.09 79.63 29.63 82.41 30.56 81.48
500 31.02 80.09 31.94 79.63 28.24 82.41 26.85 81.48
600 34.26 79.63 34.72 79.63 30.56 82.41 29.63 81.94
700 31.94 79.63 31.48 79.63 29.63 81.48 29.17 82.41
800 35.19 79.63 35.19 79.63 35.19 82.87 37.96 82.87
900 32.87 79.63 31.94 79.63 31.02 81.94 29.63 81.48
1000 31.02 79.17 30.56 79.63 29.63 81.94 28.24 82.87